
Images 0 and 1
[[[ 12  11  78]
  [  6   1  88]
  [  9  27 105]
  ...
  [  2   2   6]
  [  3   3   6]
  [  3   2   6]]

 [[ 11   5  83]
  [  4   8  93]
  [ 15  35 111]
  ...
  [  3   4   6]
  [  3   3   6]
  [  4   2   6]]

 [[  4  14  96]
  [  6  26 105]
  [ 31  57 125]
  ...
  [  5   4   7]
  [  5   4   7]
  [  6   4   7]]

 ...

 [[  6  29   9]
  [  7  29   9]
  [  8  29   9]
  ...
  [ 89  80  49]
  [ 87  81  47]
  [ 86  81  45]]

 [[  2  29   6]
  [  3  30   7]
  [  7  31   8]
  ...
  [ 89  81  54]
  [ 86  82  52]
  [ 86  82  51]]

 [[  2  30   6]
  [  3  31   7]
  [  7  33   8]
  ...
  [ 89  82  56]
  [ 86  82  53]
  [ 85  83  52]]]
Images 1 and 2
[[[ 8 48 44]
  [ 8 46 44]
  [ 7 38 42]
  ...
  [ 9  2  5]
  [10  3  6]
  [10  3  7]]

 [[10 51 46]
  [10 50 46]
  [11 44 45]
  ...
  [ 9  3  5]
  [10  3  6]
  [10  3  7]]

 [[16 58 49]
  [18 57 50]
  [22 56 53]
  ...
  [10  3  6]
  [10  4  7]
  [11  4  7]]

 ...

 [[ 3 14  3]
  [ 3 15  4]
  [ 4 16  6]
  ...
  [12  3  7]
  [ 9  3 11]
  [ 7  4 13]]

 [[ 4 13  4]
  [ 4 13  5]
  [ 3 15  6]
  ...
  [13  1  4]
  [ 9  1  8]
  [ 8  0 10]]

 [[ 4 12  4]
  [ 3 13  5]
  [ 3 13  6]
  ...
  [14  4  1]
  [10  3  7]
  [ 9  3  9]]]
Images 2 and 3
[[[ 3 57 46]
  [ 3 54 45]
  [ 3 47 41]
  ...
  [ 4  1  5]
  [ 4  0  6]
  [ 4  0  6]]

 [[ 6 59 48]
  [ 7 58 47]
  [ 8 53 45]
  ...
  [ 4  0  5]
  [ 5  0  6]
  [ 4  0  6]]

 [[13 63 51]
  [15 63 52]
  [20 62 54]
  ...
  [ 4  0  5]
  [ 4  0  6]
  [ 4  0  5]]

 ...

 [[13 33 32]
  [15 34 33]
  [16 33 32]
  ...
  [80 84 69]
  [78 83 68]
  [77 84 67]]

 [[16 34 33]
  [17 35 34]
  [16 33 31]
  ...
  [76 82 66]
  [77 83 67]
  [78 84 67]]

 [[18 36 34]
  [18 36 34]
  [17 33 31]
  ...
  [75 81 63]
  [77 82 66]
  [78 84 67]]]
Images 3 and 4
[[[ 6 24 19]
  [ 4 22 16]
  [ 2 14 11]
  ...
  [ 0  6  7]
  [ 0  5  8]
  [ 0  5  7]]

 [[ 5 23 17]
  [ 3 21 16]
  [ 2 14 11]
  ...
  [ 0  5  7]
  [ 0  5  7]
  [ 0  5  7]]

 [[ 2 19 15]
  [ 1 17 14]
  [ 2 14 11]
  ...
  [ 0  5  7]
  [ 1  5  7]
  [ 1  5  6]]

 ...

 [[ 8 16 25]
  [ 9 15 25]
  [ 9 10 24]
  ...
  [ 3 11 10]
  [ 6 12 11]
  [ 7 11 13]]

 [[12 19 28]
  [13 18 29]
  [12 13 28]
  ...
  [ 3  9  9]
  [ 4  8  8]
  [ 4  8  9]]

 [[15 22 32]
  [16 20 32]
  [15 16 31]
  ...
  [ 2  7  9]
  [ 2  7  8]
  [ 2  6  7]]]
Images 4 and 5
[[[ 19  27  87]
  [ 15  38  93]
  [  2  64 108]
  ...
  [  9   4   6]
  [  9   4   6]
  [  9   4   6]]

 [[ 17  33  91]
  [ 11  45  99]
  [  7  72 115]
  ...
  [  9   4   6]
  [  8   4   5]
  [  9   4   6]]

 [[ 10  47 103]
  [  0  59 112]
  [ 27  90 132]
  ...
  [  9   5   7]
  [  8   4   6]
  [  8   4   6]]

 ...

 [[  2  14   3]
  [  4  18   6]
  [  8  25   9]
  ...
  [ 14  12   3]
  [ 12  10   1]
  [ 11  10   2]]

 [[  2  14   1]
  [  2  17   1]
  [  4  21   3]
  ...
  [ 16  15   4]
  [ 13  13   1]
  [ 13  14   2]]

 [[  1  14   2]
  [  0  16   2]
  [  0  18   1]
  ...
  [ 17  16   5]
  [ 14  15   3]
  [ 13  15   2]]]
Images 5 and 6
[[[ 26  14  78]
  [ 22  26  85]
  [  6  56 102]
  ...
  [  3   3   1]
  [  4   4   2]
  [  4   4   1]]

 [[ 23  23  84]
  [ 17  34  92]
  [  4  65 110]
  ...
  [  4   3   1]
  [  3   4   2]
  [  4   4   2]]

 [[ 13  40  98]
  [  3  53 106]
  [ 26  86 127]
  ...
  [  3   2   1]
  [  3   4   1]
  [  3   4   1]]

 ...

 [[ 15  17   9]
  [ 18  21  13]
  [ 22  24  17]
  ...
  [ 43  37  31]
  [ 36  32  26]
  [ 33  30  25]]

 [[ 19  21  11]
  [ 20  23  13]
  [ 22  24  16]
  ...
  [ 57  48  42]
  [ 49  41  37]
  [ 45  38  34]]

 [[ 21  23  12]
  [ 21  24  14]
  [ 21  24  15]
  ...
  [ 63  53  47]
  [ 55  46  41]
  [ 52  43  39]]]
Images 6 and 7
[[[ 3  4  5]
  [ 5  1  8]
  [ 9  3 12]
  ...
  [ 0  6  8]
  [ 1  6  7]
  [ 2  6  5]]

 [[ 2  3  5]
  [ 4  2  7]
  [ 8  2 10]
  ...
  [ 0  6  7]
  [ 1  7  7]
  [ 1  6  6]]

 [[ 3  2  5]
  [ 4  1  5]
  [ 6  2  7]
  ...
  [ 0  6  7]
  [ 0  7  6]
  [ 1  6  5]]

 ...

 [[ 1 28 22]
  [ 0 30 23]
  [ 4 35 25]
  ...
  [46 56 44]
  [55 62 47]
  [59 64 46]]

 [[ 9 19 23]
  [ 5 23 24]
  [ 0 31 29]
  ...
  [25 42 30]
  [36 51 33]
  [40 53 34]]

 [[13 15 22]
  [ 9 20 24]
  [ 2 27 29]
  ...
  [15 35 22]
  [26 43 25]
  [30 46 26]]]
Images 7 and 8
[[[ 0  1  1]
  [ 2  2  3]
  [ 8  6 10]
  ...
  [ 0  3  4]
  [ 1  2  2]
  [ 1  2  1]]

 [[ 1  1  1]
  [ 1  1  2]
  [ 7  5  9]
  ...
  [ 1  3  3]
  [ 1  3  2]
  [ 1  2  1]]

 [[ 1  0  0]
  [ 1  1  2]
  [ 5  4  8]
  ...
  [ 0  3  3]
  [ 1  4  2]
  [ 1  3  1]]

 ...

 [[ 3  5  3]
  [ 0  8  7]
  [ 6 12 13]
  ...
  [55 47 19]
  [45 36  9]
  [42 33  4]]

 [[ 4  1 12]
  [ 0  4 14]
  [ 4  7 19]
  ...
  [74 72 42]
  [64 64 31]
  [60 59 26]]

 [[ 4  0 16]
  [ 1  3 18]
  [ 2  3 20]
  ...
  [82 84 51]
  [73 75 40]
  [69 71 36]]]
Images 0 and 1
[[[ 9 13  6]
  [ 7 15 10]
  [ 3 21 20]
  ...
  [ 3  3  4]
  [ 4  4  5]
  [ 4  4  5]]

 [[ 9 12  7]
  [ 8 14 11]
  [ 3 19 20]
  ...
  [ 3  3  4]
  [ 3  3  4]
  [ 3  3  4]]

 [[10 10  8]
  [10 11 12]
  [ 5 15 20]
  ...
  [ 2  1  2]
  [ 3  2  3]
  [ 3  2  3]]

 ...

 [[ 1  0  2]
  [ 1  1  1]
  [ 2  1  1]
  ...
  [31 39 30]
  [27 34 27]
  [24 31 25]]

 [[ 0  1  2]
  [ 0  1  1]
  [ 1  0  1]
  ...
  [32 41 33]
  [27 37 29]
  [25 34 27]]

 [[ 0  2  2]
  [ 0  1  1]
  [ 1  1  1]
  ...
  [31 40 32]
  [27 37 29]
  [25 35 27]]]
Images 1 and 2
[[[14 29 32]
  [13 28 31]
  [11 23 27]
  ...
  [ 0  1  2]
  [ 2  3  4]
  [ 3  4  5]]

 [[13 28 28]
  [12 27 28]
  [11 23 24]
  ...
  [ 0  1  2]
  [ 1  3  4]
  [ 2  3  4]]

 [[12 26 19]
  [11 26 20]
  [ 9 22 19]
  ...
  [ 0  1  2]
  [ 1  2  3]
  [ 2  2  3]]

 ...

 [[ 0  0  2]
  [ 1  2  1]
  [ 3  2  0]
  ...
  [ 6  1  8]
  [ 8  2  8]
  [10  3  8]]

 [[ 2  0  3]
  [ 1  0  2]
  [ 1  2  1]
  ...
  [13 10  1]
  [12  6  2]
  [13  6  3]]

 [[ 3  1  4]
  [ 2  0  3]
  [ 1  2  2]
  ...
  [16 14  6]
  [14  8  1]
  [13  6  1]]]
Images 2 and 3
[[[18 38 44]
  [15 38 40]
  [10 36 34]
  ...
  [ 1  2  2]
  [ 1  0  0]
  [ 3  2  2]]

 [[17 37 39]
  [14 36 37]
  [ 9 35 30]
  ...
  [ 2  2  2]
  [ 0  0  0]
  [ 1  0  0]]

 [[16 33 29]
  [13 32 27]
  [ 8 31 23]
  ...
  [ 1  1  1]
  [ 0  1  1]
  [ 0  1  1]]

 ...

 [[ 2  1  3]
  [ 3  2  4]
  [ 4  2  4]
  ...
  [ 2  3  0]
  [ 4  4  2]
  [ 5  4  2]]

 [[ 1  1  2]
  [ 1  0  2]
  [ 1  2  1]
  ...
  [ 2  6  2]
  [ 2  2  2]
  [ 4  1  4]]

 [[ 0  1  1]
  [ 0  1  0]
  [ 1  1  1]
  ...
  [ 2  8  3]
  [ 4  1  3]
  [ 8  4  7]]]
Images 3 and 4
[[[ 8  9  3]
  [ 8  7  0]
  [ 8  4  3]
  ...
  [ 2  0  1]
  [ 3  1  2]
  [ 4  0  1]]

 [[ 5 11  0]
  [ 6  9  1]
  [ 7  5  5]
  ...
  [ 2  0  1]
  [ 2  1  1]
  [ 3  0  1]]

 [[ 2 14  6]
  [ 3 13  7]
  [ 5  8  8]
  ...
  [ 3  1  0]
  [ 3  0  1]
  [ 2  0  1]]

 ...

 [[ 1  2  2]
  [ 2  0  0]
  [ 3  1  2]
  ...
  [ 3  5  3]
  [ 3  4  6]
  [ 4  3  6]]

 [[ 3  1  1]
  [ 2  0  1]
  [ 1  1  1]
  ...
  [ 7  5  1]
  [10  2  2]
  [12  1  3]]

 [[ 4  2  2]
  [ 2  1  0]
  [ 0  1  2]
  ...
  [ 8  4  4]
  [12  1  5]
  [15  2  7]]]
Images 4 and 5
[[[ 1 49 49]
  [ 2 50 54]
  [ 1 47 61]
  ...
  [ 2  0  0]
  [ 1  2  2]
  [ 0  2  2]]

 [[ 2 48 48]
  [ 2 49 53]
  [ 1 48 62]
  ...
  [ 2  0  0]
  [ 0  2  1]
  [ 1  1  1]]

 [[ 0 43 45]
  [ 0 45 51]
  [ 1 48 64]
  ...
  [ 2  0  0]
  [ 1  1  1]
  [ 1  1  1]]

 ...

 [[ 1  3  6]
  [ 2  2  7]
  [ 3  3  8]
  ...
  [ 6  8  2]
  [ 3 11  5]
  [ 2 12  8]]

 [[ 1  0  3]
  [ 1  2  5]
  [ 3  5  8]
  ...
  [13  4  9]
  [ 8  9  0]
  [ 5 11  4]]

 [[ 2  0  2]
  [ 1  1  4]
  [ 4  4  8]
  ...
  [16  1 14]
  [10  8  3]
  [ 7 10  1]]]
Images 5 and 6
[[[18 41 51]
  [18 42 53]
  [15 39 54]
  ...
  [ 1  1  0]
  [ 0  1  1]
  [ 0  0  0]]

 [[14 39 48]
  [16 41 51]
  [15 41 55]
  ...
  [ 1  0  0]
  [ 0  1  1]
  [ 0  1  0]]

 [[ 2 32 38]
  [ 5 36 45]
  [12 44 58]
  ...
  [ 1  0  0]
  [ 0  1  1]
  [ 1  1  1]]

 ...

 [[ 2  2  6]
  [ 3  2  7]
  [ 5  4  9]
  ...
  [11  5 11]
  [10  0  4]
  [10  1  0]]

 [[ 1  0  5]
  [ 2  2  7]
  [ 4  3  8]
  ...
  [ 9  1 10]
  [ 6  7  0]
  [ 4  8  4]]

 [[ 1  0  5]
  [ 3  1  6]
  [ 4  2  8]
  ...
  [ 7  5  9]
  [ 3 10  1]
  [ 3 10  4]]]
Images 6 and 7
[[[ 2  0  9]
  [ 3  2 10]
  [ 6  8 12]
  ...
  [ 1  2  1]
  [ 1  0  1]
  [ 2  1  3]]

 [[ 2  1  6]
  [ 1  2  7]
  [ 6  9 10]
  ...
  [ 1  1  1]
  [ 1  0  2]
  [ 2  1  4]]

 [[11  4  1]
  [ 8  0  2]
  [ 1 10  6]
  ...
  [ 1  0  1]
  [ 1  1  2]
  [ 2  1  3]]

 ...

 [[ 1  3  2]
  [ 2  4  1]
  [ 1  3  0]
  ...
  [14 21 27]
  [16 26 31]
  [16 27 34]]

 [[ 8 11  7]
  [ 8 10  6]
  [ 4  7  4]
  ...
  [11 18 24]
  [15 23 30]
  [16 23 33]]

 [[11 14 10]
  [ 9 12  8]
  [ 5  8  5]
  ...
  [10 17 23]
  [14 20 29]
  [14 20 30]]]
Images 7 and 8
[[[18 19 12]
  [15 13  6]
  [10  2  7]
  ...
  [ 0  2  1]
  [ 1  2  1]
  [ 1  2  2]]

 [[19 21 14]
  [16 13  7]
  [ 9  3  7]
  ...
  [ 1  2  1]
  [ 1  2  2]
  [ 2  1  3]]

 [[27 26 18]
  [22 16 10]
  [11  3  6]
  ...
  [ 1  1  1]
  [ 1  1  2]
  [ 1  1  2]]

 ...

 [[ 2  2  1]
  [ 3  3  0]
  [ 1  2  1]
  ...
  [ 5  7  6]
  [ 9  9  9]
  [12 11 12]]

 [[ 8  9  6]
  [ 8  8  5]
  [ 4  5  1]
  ...
  [ 6  6  4]
  [12  8  9]
  [14 10 13]]

 [[10 11  8]
  [ 9 10  6]
  [ 5  6  1]
  ...
  [ 6  5  4]
  [11  8  9]
  [15 10 13]]]